_ID_     X   Y   Z   velocity(0)  velocity(1) velocity(2) pressure

674064	311	342	245	-0.002646616	0.001443336	0.0116122	0.006931416
674064	311	343	245	-0.003545109	0.001584404	0.01502545	0.008185355
674064	310	344	244	-0.002729898	0.001268959	0.01077432	0.005512667
674064	310	345	244	-0.003003852	0.00113142	0.01165152	0.00614615
674064	310	346	244	-0.003256074	0.000854952	0.01155058	0.005366183
674064	310	347	244	-0.002974306	0.000444386	0.01011688	0.004648519
674064	311	344	245	-0.004165074	0.001501769	0.01721073	0.006199955
674064	311	345	245	-0.004629825	0.00137075	0.0181721	0.006342388
674064	311	346	245	-0.004794727	0.001084776	0.01808041	0.006430941
674064	311	347	245	-0.004616241	0.000633728	0.01674068	0.005799457
674064	311	348	245	-0.003848461	0.000199463	0.01436962	0.006718441
674064	311	349	245	-0.002895442	6.85E-06	0.01076676	0.006259118
674064	312	341	245	-0.002419689	0.001479472	0.01092852	0.004161797
674064	312	342	245	-0.00344302	0.001853613	0.01562698	0.00611589
674064	312	343	245	-0.00437456	0.002031104	0.01908677	0.007018799
674064	313	341	245	-0.002873547	0.00189898	0.01374533	0.006033819
674064	313	342	245	-0.004058053	0.002306974	0.01858177	0.005808555
674064	313	343	245	-0.004859289	0.002431292	0.0221362	0.005409467
674064	314	340	245	-0.001933045	0.001446306	0.009791491	0.005716055
674064	314	341	245	-0.00320204	0.002218528	0.0156047	0.007914225
674064	314	342	245	-0.004381388	0.002553012	0.02030387	0.007945403
674064	314	343	245	-0.005125346	0.002556279	0.02380501	0.006332749
674064	315	340	246	-0.00218445	0.001086792	0.009924591	0.004850745
674064	315	341	246	-0.003640246	0.001761549	0.01595836	0.005604443
674064	315	342	246	-0.004705835	0.002202919	0.02076408	0.005395157
674064	315	343	246	-0.005536192	0.002347438	0.02442114	0.006033205
674064	316	340	246	-0.002189302	0.00125155	0.009340356	0.007440106
674064	316	341	246	-0.003603618	0.00179024	0.01518517	0.007289347
674064	316	342	246	-0.004618905	0.002139222	0.01983407	0.005829175
674064	316	343	246	-0.005349913	0.002329376	0.02335334	0.006041092
674064	317	341	246	-0.003200099	0.001532336	0.01345527	0.00694688
674064	317	342	246	-0.004280794	0.001976513	0.01791929	0.007031225
674064	317	343	246	-0.00494748	0.002149042	0.02115013	0.006674889
674064	318	341	246	-0.002616236	0.001301003	0.01072905	0.006260431
674064	318	342	246	-0.003686266	0.001687394	0.0148778	0.006402914
674064	318	343	246	-0.004364024	0.001849236	0.01777962	0.007090745
674064	319	342	247	-0.002295165	0.000899653	0.009439358	0.004013204
674064	319	343	247	-0.003046829	0.001155835	0.01226103	0.005459242
674064	312	344	245	-0.004979307	0.001901193	0.02138656	0.00395905
674064	312	345	245	-0.005331793	0.001736686	0.02244383	0.005657165
674064	312	346	245	-0.005329702	0.001240117	0.02231789	0.007210791
674064	312	347	245	-0.005167653	0.000708836	0.02094293	0.004874276
674064	312	348	245	-0.004675495	0.000209903	0.01850677	0.004262161
674064	312	349	245	-0.003918499	-0.000260361	0.01488091	0.00553872
674064	312	350	245	-0.002737919	-0.000466943	0.01035613	0.005661068
674064	313	344	245	-0.005390814	0.002235634	0.02439554	0.006062028
674064	313	345	245	-0.005750986	0.001897999	0.02545101	0.005036842
674064	313	346	245	-0.005740329	0.001406763	0.0253009	0.005425871
674064	313	347	245	-0.005530686	0.000753191	0.02389847	0.006343298
674064	313	348	245	-0.00503109	0.000143834	0.02139541	0.004880059
674064	313	349	245	-0.004350713	-0.000494628	0.01787627	0.00669729
674064	313	350	245	-0.003305215	-0.001139758	0.01324018	0.007373402
674064	313	351	245	-0.00181621	-0.001307837	0.008077688	0.00634977
674064	314	344	245	-0.005651929	0.00251128	0.02609668	0.007366217
674064	314	345	245	-0.005939038	0.002099626	0.02707804	0.006485094
674064	314	346	245	-0.005942533	0.001527875	0.02684463	0.007092745
674064	314	347	245	-0.005642998	0.000876852	0.02548298	0.007784886
674064	314	348	245	-0.005105889	0.000131009	0.02287373	0.007281964
674064	314	348	246	-0.005560172	-0.0001159	0.02360307	0.005212561
674064	314	349	245	-0.004358926	-0.000624009	0.01935667	0.008446049
674064	314	349	246	-0.004741726	-0.000804783	0.0200303	0.006652575
674064	314	350	246	-0.003767002	-0.001356788	0.0153343	0.007080118
674064	314	351	246	-0.002272085	-0.001581364	0.01000634	0.008248184
674064	315	344	246	-0.006051328	0.00223537	0.02671798	0.00561158
674064	315	345	246	-0.006288506	0.001846321	0.02789099	0.00440364
674064	315	346	246	-0.006298029	0.001276789	0.02766619	0.005153176
674064	315	347	246	-0.00596526	0.000622629	0.02622987	0.005665012
674064	315	348	246	-0.005378527	-0.000168071	0.02365186	0.005695429
674064	315	349	246	-0.004637527	-0.000742925	0.02002235	0.004401698
674064	315	350	246	-0.003680563	-0.001440978	0.01551426	0.006935065
674064	315	351	246	-0.00223629	-0.001776555	0.01022496	0.008494725
674064	316	344	246	-0.005913833	0.002215762	0.02559287	0.005590216
674064	316	345	246	-0.006050057	0.001841682	0.02658732	0.005986501
674064	316	346	246	-0.005969784	0.001277847	0.02631787	0.006187959
674064	316	347	246	-0.005630159	0.000644506	0.02483774	0.00544021
674064	316	348	246	-0.004963963	-6.60E-05	0.02223112	0.00738766
674064	316	349	246	-0.004111669	-0.000712503	0.01855604	0.007139266
674064	316	350	246	-0.003129471	-0.001198206	0.01412027	0.005552176
674064	316	351	246	-0.001899417	-0.001375326	0.009131413	0.007228704
674064	317	344	246	-0.005408566	0.001999222	0.0232323	0.00631517
674064	317	345	246	-0.005527453	0.001764716	0.02407745	0.007469044
674064	317	346	246	-0.005359045	0.001279956	0.02372395	0.006957116
674064	317	347	246	-0.004942911	0.000630614	0.02214124	0.006832785
674064	317	348	246	-0.004360675	6.39E-05	0.01950124	0.007391967
674064	317	349	246	-0.003367805	-0.000491512	0.0159574	0.007677603
674064	317	350	246	-0.002354336	-0.000833452	0.01146946	0.00703805
674064	318	344	246	-0.004639471	0.001843429	0.01971103	0.006870577
674064	318	345	246	-0.004745698	0.00160974	0.02041489	0.006631558
674064	318	346	246	-0.004532055	0.001182811	0.02000528	0.006333598
674064	318	346	247	-0.004638472	0.000823604	0.01945422	0.003906787
674064	318	347	247	-0.00415439	0.000368773	0.01776192	0.006102432
674064	318	348	247	-0.003425199	-7.95E-05	0.01504417	0.005545487
674064	318	349	247	-0.002619368	-0.000338493	0.01140008	0.004543569
674064	319	344	247	-0.003513918	0.001195728	0.01403277	0.005624525
674064	319	345	247	-0.003545123	0.001027354	0.01464804	0.006513001
674064	319	346	247	-0.003284751	0.000709378	0.0142189	0.00567554
674064	319	347	247	-0.002874536	0.000312379	0.01269565	0.005279487
674064	319	348	247	-0.002172685	1.77E-05	0.01001926	0.006843991
674064	320	344	247	-0.002082695	0.000682269	0.008063506	0.007160391
674064	320	345	247	-0.002103143	0.000681896	0.008654987	0.00776385
674064	320	346	247	-0.001804106	0.000577305	0.008144891	0.006504196
674064	309	343	244	-0.000607611	0.000331297	0.002600269	0.009190703
674064	310	341	244	-0.000393357	0.000317	0.001814117	0.008350604
674064	310	342	244	-0.0014442	0.000909761	0.005730013	0.005522131
674064	310	343	244	-0.002282288	0.001270305	0.008710008	0.003730388
674064	311	340	244	-0.000411865	0.000187573	0.001533027	0.004581494
674064	311	341	244	-0.001580092	0.001051218	0.00676323	0.005840193
674064	311	341	245	-0.001512363	0.000887437	0.007020365	0.007087336
674064	309	344	244	-0.001104386	0.000518379	0.00388659	0.005298791
674064	309	345	244	-0.001480942	0.000433101	0.004677175	0.003904434
674064	309	346	244	-0.001719359	0.000311482	0.005007086	0.004548086
674064	309	347	244	-0.001308531	0.0002342	0.00360955	0.004654206
674064	309	348	244	-0.000303468	4.81E-05	0.000905072	0.00524192
674064	310	348	244	-0.002237531	0.000195738	0.007362986	0.004000202
674064	310	349	244	-0.001171571	5.95E-05	0.003978587	0.004120569
674064	311	350	245	-0.001691221	-0.000170387	0.005975951	0.007976071
674064	311	351	245	-0.000149261	-3.53E-05	0.000530541	0.008644878
674064	312	340	245	-0.001110551	0.000833578	0.004908975	0.008338696
674064	313	339	245	-0.000280036	0.000309759	0.001291427	0.008229279
674064	313	340	245	-0.001588997	0.001355025	0.007880117	0.006570868
674064	314	339	245	-0.000625079	0.000518056	0.00309244	0.009100013
674064	315	339	245	-0.000589281	0.000535155	0.003460967	0.009387108
674064	315	339	246	-0.00046019	0.0002808	0.002501966	0.005171342
674064	316	339	246	-0.000601148	0.00034116	0.002434893	0.006375348
674064	317	339	246	-0.000459379	0.000247867	0.001756659	0.005626285
674064	317	340	246	-0.001833693	0.000981878	0.00784212	0.007144473
674064	318	340	246	-0.001401358	0.00064755	0.005408116	0.007408544
674064	319	340	247	-0.00033511	9.00E-05	0.000949961	0.008239863
674064	319	341	247	-0.001492045	0.000567467	0.0054946	0.005988686
674064	312	351	245	-0.001285821	-0.000611832	0.004912585	0.007619375
674064	317	351	246	-0.001313017	-0.000911191	0.006581854	0.008565448
674064	318	350	247	-0.001561772	-0.000503905	0.006830188	0.006497503
674064	318	351	247	-0.000395527	-0.000246515	0.001845561	0.006021263
674064	319	349	247	-0.001357715	-0.000178079	0.006342711	0.005187968
674064	319	350	247	-0.000408954	-0.000114645	0.002193304	0.004774828
674064	312	352	245	-3.57E-05	-2.34E-05	1.11E-05	0.007727089
674064	313	352	245	-0.000649978	-0.000667669	0.002646922	0.009255445
674064	314	352	246	-0.000678167	-0.000961486	0.004011208	0.01018681
674064	315	352	246	-0.001025855	-0.00110506	0.004998085	0.004597195
674064	315	353	246	-8.07E-07	-4.22E-05	0.000163875	0.01110665
674064	316	352	246	-0.000928672	-0.000845285	0.003992486	0.007568408
674064	317	352	246	-0.000352218	-0.000419955	0.001852486	0.01086387
674064	320	341	247	-0.00028899	5.49E-05	0.000948547	0.008209662
674064	320	342	247	-0.000987157	0.000457092	0.003884552	0.007812849
674064	320	343	247	-0.001650499	0.000686626	0.006337714	0.007041258
674064	321	343	247	-2.62E-05	4.86E-05	0.000129532	0.005312149
674064	320	347	247	-0.00142203	0.000274428	0.00673133	0.006118707
674064	320	348	247	-0.000864515	-7.21E-06	0.004289057	0.006911638
674064	320	349	247	-0.000172679	-1.97E-05	0.00089502	0.006517116
674064	321	344	247	-0.000499493	0.000279893	0.001774692	0.007954828
674064	321	345	247	-0.000479729	0.000157174	0.002111048	0.005816005
674064	321	346	247	-0.000402768	8.04E-05	0.00177084	0.004534323
674064	321	347	247	-7.10E-05	2.89E-05	0.000350611	0.00573498
