0.002950414
0.004677345
0.005848745
0.006879625
0.007847973
0.008771494
0.009670798
0.010562902
0.01145755
0.01235992
0.013272884
0.014198023
0.015136177
0.016087765
0.017052987
0.018031969
0.019024862
0.020031892
0.021053333
0.022089472
0.023140562
0.024206814
0.025288398
0.026386472
0.027498181
0.028626651
0.028208079
0.034384501
0.162202376
0.170617469
0.121347007
0.107678756
0.081433967
0.083418731
0.112049743
0.052225622
0.084895445
0.105982942
0.055183388
-0.011118433
0.044085906
0.005990195
0.028058961
0.057008287
0.059146226
0.034976759
0.086916574
0.041285062
-0.069261391
-0.047871776
0.035391028
0.034443512
0.080511779
0.041294829
0.043365317
0.058407288
0.045704765
0.038082304
0.025224808
0.025132316
0.024658807
0.025492443
0.02875566
0.03297236
0.032448121
0.03651225
0.023492251
0.017239828
0.050749097
0.170528325
0.198070192
0.119203037
0.042024427
0.091473985
0.081141841
0.081167483
0.113314724
0.098342796
0.085215779
0.053494233
0.063294979
0.002628684
0.017628756
0.023742214
0.082568248
0.03077588
0.06842756
0.052683751
0.033781685
0.042351818
0.044606324
0.021879238
0.022545451
0.03124497
0.017858247
0.036636147
-0.010900212
0.034865498
0.018188374
0.039368658
0.033179244
0.030004132
0.063678803
0.046669114
0.043440609
0.031119669
0.027169087
0.032539757
0.018879172
0.030738802
0.121561546
0.178140952
0.18839906
0.094464444
0.061593371
0.119535876
0.094845868
0.111787218
0.09071538
0.12289317
0.068753523
0.088694424
0.051039461
-0.001222053
0.02289415
0.060880486
0.072992139
0.04890322
0.060445436
0.036327936
0.040998797
0.010232864
0.03774907
0.025615204
0.059790097
0.03013812
0.07077166
0.045671761
0.03389222
0.028270766
0.035131026
0.0476421
0.033602594
0.063376522
0.021538223
0.056448053
0.027496913
0.034720601
0.033994757
0.024127637
0.006420941
0.063291598
0.026324018
0.014724342
0.058869136
0.10215071
0.153009793
0.096429796
0.160987675
0.110934592
0.109865315
0.098335091
0.09703716
0.075312327
0.034919748
0.073461351
0.088839657
0.018879172
0.030738802
0.121561546
0.178140952
0.18839906
0.094464444
0.061593371
0.119535876
0.094845868
0.111787218
0.09071538
0.12289317
0.068753523
0.088694424
0.051039461
-0.001222053
0.02289415
0.060880486
0.072992139
0.04890322
0.060445436
0.036327936
0.040998797
0.010232864
0.03774907
0.025615204
0.059790097
0.03013812
0.07077166
0.045671761
0.03389222
0.028270766
0.035131026
0.0476421
0.033602594
0.063376522
0.021538223
0.056448053
0.027496913
0.034720601
0.033994757
0.024127637
0.006420941
0.063291598
0.026324018
0.014724342
0.058869136
0.10215071
0.153009793
0.096429796
0.160987675
0.110934592
0.109865315
0.098335091
0.09703716
0.075312327
0.034919748
0.073461351
0.088839657
0.028085486
0.040894201
0.0494449
0.041083043
0.058542009
0.046930247
0.014173135
0.033054339
0.037112606
0.035796364
0.038294889
0.050971205
0.015331179
0.021702954
0.030374375
0.025635082
0.022753765
0.05192707
-0.013975701
0.015749746
0.038599793
0.066962272
0.019163005
0.012104076
0.034207676
-0.006244095
0.005564977
0.029481288
0.032438909
0.047732076
0.022260734
0.052132257
0.009643013
0.013576197
0.011599416
0.022677019
0.015978859
0.139262513
0.302379246
0.194005921
0.121124893
0.119012506
0.097796769
0.11748562
0.08831628
0.132093927
0.087692083
0.091339816
0.048154279
0.056700088
0.020050147
0.066614961
0.051772576
0.058031583
0.034816746
0.04237225
0.063644798
0.019093228
0.040247032
0.02783385
0.032653416
0.032733304
0.028442968
0.037536428
0.035975104
-0.013012601
0.028223108
0.023835538
0.025740482
0.031708835
0.031173103
0.017574917
0.02787036
0.049692194
0.024802211
0.016955948
0.042236552
0.043236823
0.00906144
0.026420413
0.040610004
0.022648284
0.018816082
0.038273944
0.022904254
0.042572714
0.192837229
0.236641892
0.134026991
0.151142741
0.119140833
0.037398352
0.117399876
0.088731599
0.077213565
0.135583637
0.05899085
0.037871522
0.04338468
0.04428482
0.041262496
0.044815133
0.052557595
0.04485734
0.044083038
0.034096281
0.038752854
0.042681142
0.039050344 ---- 1232064
0.03563903
0.028962383
0.029130349
0.032734343
0.034241684
0.02338794
0.028144357 ---- 1263312
0.019892313
0.038316502
0.033759517
0.03040415
-0.003416031
0.024170325
0.026368777
0.015018488
0.022504485
0.016726018
0.023421898
0.06385952
0.005097686
-0.002250325
-0.007242148
-0.009435482
-0.006103283 ---- 1339200






